#30078113

#29934497
30233499
#29907938

#29762673
29762673
#29746643

#29738477
30450127
#29730317

#29664968

#29664912

#29579049

#29567708
30113497,30112118,30104497,30079312,30078138,30050994,30003334,29997595
#29526926
28920414
#29520598

#29511180
30454555,30152327,29982531
#29504486
30337914
#29494648

#29454699
30423588,29738450
#29382070
29580257,29498666
#29330119

#29311585
30370191,30006593
#29275129

#29198875
29713833
#29195140
29693607
#29169110
30425748,29743160
#29135334
30233500
#29113561

#29097494
30473928,30450335,30443490,30416659,30409126,30377571,30374122,30359185,30353144,30338242,30320220,30319613,30305604,30294272,30288365,30275703,30263060,30263059,30263058,30254983,30249647,30245977,30232277,30223484,30211169,30201858,30191140,30181337,30158926,30147331,30145102,30139382,30135516,30122997,30111979,30108589,30104497,30096310,30094091,30088347,30087541,30079312,30068361,30050994,30050871,30039640,30034550,30034377,30023126,30003334,30002656,29997602,29991874,29977349,29974051,29970158,29966316,29951307,29945886,29937998,29934437,29904241,29899754,29893261,29883385,29877593,29872574,29868472,29859426,29800567,29793532,29789015,29782565,29780701,29780391,29762866,29717179,29705929,29691757,29688263,29682308,29681882,29675018,29670880,29666626,29662663,29662547,29644214,29630386,29618380,29615661,29580257,29558443,29556232,29532857,29508855,29495308,29494517,29494275,29471863,29375032,29338074,29336431,29293280,29255458,29232932,29206621
#29097493
30473928,30443490,30409126,30377571,30374420,30359185,30353144,30345420,30323963,30323625,30320220,30305604,30294304,30294272,30279338,30263060,30263059,30263058,30254983,30249647,30249211,30245977,30201858,30188767,30181337,30158926,30147331,30139382,30135516,30111979,30108589,30108274,30104497,30096310,30094091,30088347,30073150,30071442,30068361,30053879,30050994,30050871,30034550,30003334,30002656,29997602,29991874,29977349,29974051,29971220,29970158,29946544,29945886,29904241,29893261,29877593,29872574,29868472,29800567,29789015,29780701,29780391,29762866,29707157,29705929,29691757,29688263,29681882,29675018,29670880,29666626,29644214,29643839,29630386,29618380,29599916,29580257,29558443,29556232,29556198,29537705,29532857,29508855,29494517,29494275,29471863,29437869,29375032,29343626,29338074,29336431,29255458,29243124,29232932,29206621
#29069412
30457104
#29020628
30308944,30108589,30013164,29528148
#29018189
30479462,30374420,30322146,30319417,30283097,30266099,30137359,30075590,30056386,30054529,30021609,30013482,29997362,29967639,29966270,29903735,29738477,29686666,29686654,29684641,29437106,29161429,29099096
#28976007

#28973555
30108172,29429126
#28967228
30208886
#28923537
30416659,30294272,30191140,30158926,30147331,30002656,29780391,29702206,29614050,29556232,29494275,29209327
#28898292
30013538,29968760,29915601,29914546,29910797,29887245,29576949
#28892494
30353019,30323795,30298071,30104612,29867790
#28884952

#28884091
30389414,30039527,29700072,29382070
#28877164
30349514
#28873967
30332459,30111822,29906260,28873967
#28870713

#28859695

#28849032
30313111
#28834331
30214431,30093891,29795809,28834331
#28821976
30283425,29462896
#28821301
29697303
#28821012
30419949,30333051,29906449,29536822
#28813664
29491439
#28813529
30356690,30319557,29258228
#28813445
29971046
#28811339
30319557,30210474,29921849,29553575,29441229,29385535
#28797931
30205543,30002765,29904634,29726951,29470389,29373513,29324644,29140275
#28797298
29719871,29670890,29189738
#28796793
29887853
#28790203
30359456,30352623,30234124,28951481
#28789673
29385535
#28768551
30026889,29867786,29625981
#28748273
29351278
#28731473
30319585,30319557,30202438,30083229,29914169,29725056,29491419,29326667
#28710513
30419047,30335814
#28709472
30022083,29531228,29523192,29385081,29238752,29215871
#28689814
29391695
#28683828
30427878,30200636,30131825,29914169,29774017,29615108,29340239,29204318,29179741,29177508,29028002,28989970,28869283
#28677262
30420841,29432771
#28668239

#28665922
30250208
#28662574
29765359,29333342
#28655159
30402511,29707039,29686533,29468143,28655159
#28640804
30085090,29229902
#28632934
30154801,30115970,29986301,29518419,29176981
#28628112
30483238,30420838,30394782,30333180,30293576,30233536,30186272,30176893,30115122,30090311,30050954,30049266,30034914,29997575,29994805,29988340,29930468,29922126,29903041,29856816,29762673,29713650,29703851,29700349,29670255,29623674,29572891,29525910,29358923,29337705,29326727,29311977,29311939,29293960,29209439,29176714,29156542,29053636,29047231,29043007,29018189,28973392
#28602995

#28594392
30271330,30233520,30186776,30181300,30065291,30065169,30060506,29946308,29914145,29755481,29615108,29378882,28930187,28869283
#28591831
30056386,29894887,29189738
#28585938
30266099,30068938,29881615,29684641,29678198,29565591,29437106,29416123,28982164,28777382
#28571671
30424728,29519955,29495552
#28545131
29959246,29163218
#28536926
30381433,30271330,29997496,29857583,29568289,29371629,29091972
#28494241
30283432,30131493,29915667,29705929,29535202,29383027,29187204,29145572,28919341,28738853
#28484095

#28479399

#28464793
30038663
#28449715
30381433,30285785,30018338,29881345,29857583,29802603,29572994,29562936,29552561,29184902,29091972,28843021,28662719
#28440278
30060606,29966270,29599459,29568113,29133882,28943872
#28429164
30228361,30064366
#28415628
30186174,29904348,29713833,29167659
#28398290

#28390576
29993025,29354132
#28390093
29563853,29018409,28906456
#28379433
30087103,29743160,29470534,29016645
#28369659
30288460,29326722
#28338745
29615776,29475969,29233857
#28334267
30450127,28978331,28887421
#28330508
30430271,30425690,30423107,30419047,30223892,30026734,29911322,29868248,29850597,29695294,29576975,29554272,29545533,29326657,28751453
#28323391
29559576
#28320307
30150666,29503637,29269490
#28293710
29167659,28817657
#28279152
30376571,30049266,30002765,29933382,29161417,28449644
#28255158
29563853,29555983,29404265,29135490
#28252037
29867765,29134359,29056925,29035308,28567037
#28198673
30105079,29416567
#28183913
30310076,29600278,29556544,29405826,29218869,28901199,28826221,28722709,28642381
#28170428
29532635,29307992
#28164855
30463925,28884004
#28155661
30030457,29720413,29375532,29345582
#28146577
30041463
#28139751

#28091525
30041463,29326667,29101203,29033923,29020628,28971068,28769880
#28062856
30332990,30031405,29762644,29458422,29163399,29021151,28855266,28472498
#28052195
29319931
#28039159
30102706,29997595,29423275,29234327,28879172,28522725
#28008833

#27998035

#27976718
30477569,30065092,30030457,29914188,29760910,29619014,29593686,29375532,29151571,29118742,28662573,28553264
#27974658

#27965413
30473705,30373669,30110939,30104688,30020932,28977016,28683828,28536564
#27943013
29208770,28925931
#27941985
29641577,29554951,29499735,29375803
#27923606

#27916477
30359185,30120222,30029499,30008592,29997362,29725935,29652797,29566748,29454749,28905671,28827345,28642381,28360349
#27894254
30406117,30026889,30006408,29935540,29067020
#27880869
30158658,29554951,29387018,29293631,29284535,29096606
#27876765
30069307,29971046,29911322
#27829306
30405561,30359454,30356081,30135709,29890621,29867889,29036529,28101535
#27824342
30233586,30195437,29858010,29129876,28892253,28767660
#27794467
30454056,30323120,30001426,29933742,29778094,29748506,29596446,29162929,29056925,28959180,28919884,28097073
#27712009
30083229,29348141,29326667,28912832,28731473
#27783988

#27743904
30055649,29783653,29675053
#27694800
30483499,30211213,30108823,30072686,29657966,29599459,29463739,29358499,29259290,29203477,28951891,28709932
#27769810
30393787,30319571,30232290,30212649,30202057,30197631,30166421,30157234,30102706,30027793,29988118,29965986,29951050,29946365,29753791,29695840,29620246,29554971,29535202,29345635,29242771,29180726,29174952,29173517,29055911,28877044,28766555,28401939,28385711,28335546,28321153,28288099
#27741163
28713266,28503135
#27716148
29844325,28936406,28606141
#27710940

#27708392
28837129
#27703179

#27701454
30041463,29038658,28866243,28394924
#27695121
29359135,28959178,28784971
#27695034
30467421,29624599,29499759,28642381
#27651451
30487786,30424799,30405973,30213965,29867889,29743119,29686800,29556534,29554948,29546356,29445826,29273717,29202942,28943406,28934976,28649415,28625983,28481406,28404985
#27644050
30332767,30149573,30096792,28182762
#27583441
29706647,29493360
#27559027
30127280,29495401,29112136
#27550859
30400792,30386459,29755604,29391402
#27502158
29844409,29719871,29712976,29593560,29507837,29363055,29221919,29189738,29171288,29143670,29058056,29036231,29030493,28894183,28797298,28757576,28497122,28357027,28064384
#27469346
29929213,28944285
#27428430
30396368,29713629,29474889,29312739,28783896,28761932,27956028,27681524,27602023
#27411898
30409169,30223888,29659582,29625249,29593350,29540734,29287100,29089590,29056891,28983086,28911333,28903726,28751642,28720805,28704437,28605506,28265110
#27409811
30464025,30413727,30396369,30373718,30333180,30319417,30211213,30200405,30186247,30176893,30127768,30101405,30071904,30062185,30023359,29997602,29944113,29942096,29934437,29931613,29930704,29898885,29844477,29808030,29802157,29762522,29751643,29750272,29703851,29670890,29670255,29665823,29611319,29545787,29539432,29519576,29495569,29487572,29443403,29423026,29375129,29361466,29339744,29326727,29299069,29212488,29186529,29180726,29177508,29176714,29163467,29152318,29123168,29097803,29056925,29048482,29038768,29030493,29023448,28983453,28966614,28959739,28937612,28873967,28861066,28856739,28824870,28789689,28764956,28717206,28709472,28708089,28701620,28686856,28609252,28598360,28584161,28542929,28513546,28450702,28434033,28418756,28407784,28397877,28316796,28238968,28228143,28159962,28107248,28094011,27956466,27898682,27777317,27769291
#27400279
30477563,30377376,30355348,30038769,29997602,29991352,29950008,29922252,29907097,29774017,29755441,29684016,29659916,29629420,29618526,29556541,29555994,29349912,29317592,29209090,29187204,28974263,28904997,28852043,28837129,28649415,28473000,28421041,28167665
#27391011
29849592,29720081,28683828,28218638
#27336782
30235399,29490096,28400091,27413125
#27321997
30348757,29884232,29410661,27401233
#27295684

#27277524
30349586,30283418,30258412,29738579,29702652,29529268,29404412,29201017,28643622,28521002,28520994,28520993
#27242374
28509910,28487687
#27236827
30189834,30134786,29761927,29666156,29563853,28785422
#27231242
29899739,29372054,27509526
#27231050
30483303,30459700,30429843,30385796,30373033,30357038,30356736,30344525,30301469,30294506,30254641,30247686,30245669,30235399,30235351,30228238,30219368,30197631,30192979,30154767,30131493,30052654,30039798,30037806,30037030,30006625,29988607,29988064,29971220,29966024,29951050,29930200,29843725,29755475,29669841,29666626,29618977,29615850,29593560,29569377,29566237,29531939,29528686,29523751,29507905,29487592,29468141,29416535,29387057,29380645,29380303,29358923,29317604,29317508,29307889,29302392,29280091,29267390,29232373,29226172,29213271,29209327,29204955,29187204,29170664,29163504,29158587,29113654,29096601,29044140,28984367,28956703,28940049,28927699,28919341,28918936,28893288,28877044,28864446,28860561,28856739,28817095,28775301,28775213,28764956,28706260,28681454,28676966,28667749,28650431,28642837,28625867,28609586,28586297,28576921,28571577,28546561,28522417,28483987,28480895,28475890,28458670,28423337,28408909,28400577,28389558,28375516,28341747,28325746,28302598,28261015,28257972,28217370,28197336,28194750,28189107,28153825,28105846,28104760,28103497,28065740,28045403,28039862,28002063,27912057,27887656,27840741,27780750,27773992,27755100,27708630,27698623,27617201,27602023,27554797,27448578,27430274
#27203275
30288460,29883071,29614050,29358918,29329102,28790923,28610994,28606169,28369659,27912057,27836847
#27191725
30072879,29635158,29515975,29468742,29030459,28632490,28618368,28606169,28555138,28264056,27599587
#27180802
30283823,30174784,29209311,29118049,29049058,28534028,28374757
#27180722
30093891,30065092,29729671,29686799,29311667,29290090,28985395,28979254,28904137,28413853,28220109,27723427
#27154001

#27144353
30420658,30401771,30320220,30273414,30232462,30212463,30124405,30123820,30096310,30091981,30082713,30064352,30060759,29950676,29942682,29934437,29899513,29896319,29896165,29793532,29789467,29682427,29674608,29631623,29600282,29559006,29556402,29553575,29522743,29495552,29491015,29440372,29438355,29379603,29371634,29354144,29347966,29312823,29262868,29238585,29159997,29118049,29112136,28979258,28967182,28919884,28856739,28840976,28794887,28787388,28771949,28769880,28764956,28725217,28722709,28717593,28713336,28705224,28680484,28624690,28609252,28603278,28587290,28521002,28512250,28481406,28444190,28440278,28418756,28408070,28407481,28400473,28392745,28389564,28381231,28333226,28293225,28266913,28243438,28189581,28167665,28087657,28073918,28065939,28063650,28003808,27965958,27915291,27903594,27874907,27866110,27842515,27803195,27708630,27617199,27471167,27417261,27329806
#27142181
30131851,29546356,29518185,29456727,29222236,28720679,28298544,28245856
#27125587
30228205,30147331,30090032,29935172,29760804,29702299,29687353,29437869,29358871,27902488
#27124954
30297615,30272021,30186263,30085090,30030441,30002765,29659960,29594071,29558893,29394957,29321519,29180726,29118049,29099853,28919341,28906444,28894149,28841836,28775712,28662756,28615382,28438217,28316052,28239609,28194448,28150721,27639801,27634626,27555308
#27124399

#27117007
30409977,30374329,30370643,30353027,30337914,30258412,29357881,29221919,29189738,29171288,29058056,28919891,28567037,28303003,28187199,28165194
#27102666
30340338,30261687,30258104,30155495,30154719,30149545,30018962,29997602,29930200,29900684,29889838,29844978,29736302,29650491,29503707,29434295,29387048,29332963,29313275,29267858,29204955,29202942,29200665,29144833,29142301,29069476,29041965,28948174,28761156,28708466,28678867,28645307,28556916,28546563,28546562,28442421,28348558,28091618,27980687,27889698,27833598,27574489,27492386,27462309
#27077101
28272137,27477587
#27067514
30202438,30060184,30051558,30026887,29893851,29696589,29686533,29636072,29581530,29382738,29363425,29300319,29297295,28967888,28931373,28914880,28587290,28536564,28464793,28453654,28289564,28018236,27998267,27980708
#27055030
30038608,29666609,28813428,28744281,27998035
#27033168
29760910
#27026373
30104431,30098204,29311977,29167659,28700670,28018861
#26975620
30322114,30205473,30175072,29893412,29649131,29534550,29152097,29026108,27957501
#26975510
30060024,30002733,29692762,29577087,29540433,29445826,29360950,28936948,28887570,28592977,28417069,27808595
#26972811
30410932,30401818,30364192,30226190,30214898,30104702,30042695,30030472,30002765,29899036,29881615,29761785,29743935,29705929,29558443,29556544,29555994,29552640,29552561,29471863,29429126,29425238,29425197,29311977,29307889,29304029,29255284,29218869,29212144,29162708,28983453,28950720,28905671,28764956,28674682,28642381,28627361,28503170,28431245,28388695,28321153,28272137,28167665,28161446,28066436,27980855,27840292,27790190,27714645,27641441,27617199,27146150
#26962896
29935540
#26951067
30445918,30339693,30279333,30231542,30087535,30056386,30042470,29874232,29681906,29659811,29415902,29204955,29203964,29158778,28792501,28702141,28690602,28659635,28628918,28458463,28440278,28338745,28334267,28239315,27735094,27590817,27563516,27554344,27530684
#26945643

#26940651
30283410,30171003,29675451,29615997,29426044,29378945,28751714,28435675,28279152,27818276,27662102
#26919743
30353027,30054537,30050871,29274690,29157127,29028448,28676106,28261164,28049409,27522986,27058556
#26918330
30340391,29579049,28028357,27662586,27559357
#26875998
30416539,30292635,30288460,30217037,30214024,30143642,30127432,30082863,30006408,30002868,29967794,29921812,29907097,29857583,29772753,29769431,29769268,29760909,29686654,29682507,29460206,29377524,29330443,29276488,29274690,29144833,29061705,29058138,29047329,28894149,28893978,28832994,28824607,28791008,28778891,28771949,28718724,28708108,28630433,28512250,28418756,28364729,28280490,28262688,28249045,28245856,28239436,28194099,28187199,28179509,28059627,27980489,27716140,27659481,27507967,27177331,27166072
#26870828
30410548,30131575,29941875,29765370,29576949,29415902,28817095,28740749,28657607,28257972,28079559,27686718,27469270,27322456
#26870798
29540664,28966571,28594392,28500600,28405133,28263184,28243210,28003152,27515998
#26869601
30140680,28165001,27874095
#26842811
29760910,29487373,28127902,27174262,26842811
#26828196
30425147,30381547,30353125,30326954,30234008,30226190,30210530,30166700,30134786,30093722,30087270,30065721,29892940,29854953,29780807,29546248,29519955,29495552,29459704,29453431,29445360,29410448,29361936,29338074,29321519,29291606,29282673,29243124,29242550,29207565,29171095,29138485,29118049,29062316,29026199,28929093,28922410,28912815,28894161,28892253,28890156,28855974,28852079,28825919,28824595,28821012,28630471,28615382,28603278,28596951,28562303,28454555,28448623,28447406,28379454,28282257,28266645,28257972,28196925,28144631,28112736,28077127,28073918,27913470,27884820,27856471,27827896,27814521,27773355,27757227,27735094,27698620,27684425,27617202,27617199,27471494,27471167,27389110,27354505,27333043,27314031,27274912,27240281,27178527,27136545,27036316
#26818725
30205462
#26778510
30406048,30262776,30104688,30035235,30026930,30007544,29971047,29901703,29762668,29740407,29659582,29659545,29651035,29588651,29556373,29554948,29522743,29491731,29300319,29270165,29244002,29211828,29118177,29097759,29096601,29069476,29036588,28974263,28974235,28967888,28950879,28938903,28934964,28881972,28807044,28706917,28654083,28625983,28536564,28533988,28486927,28460196,28367376,28334086,28125031,28052134,28049411,27965413,27852649,27822531,27781166,27699286,27683082,27565341,27327495,27162180,27147260,27071849,27006753,26454280
#26774270
30210803,29187708,29041989,29037173,28609785,28186206
#26754178
30085054,30042764,29701673,28860146,28643622,28555812,28435675,28335605,28279152,27662102
#26749561
30069285,28713266,28062461,27354918,26749561
#26749443
29208770,28417435,26749443
#26745269
30096921,28828217,28538678,28093508
#26738556
30322074,29933547,29793542,29789467,29675014,29471872,29401285,29346541,29201017,29021787,28887421,28725217,28587316,28163908,27767072,27717408,27672151,27599587
#26718942
29599513,29382366,28916545,28275370,27861762,27833598,27650128,27448997,27286235
#26669711
29992027,28119779,27830079,27818774,27330815,27222719,27200178
#26655942
28751453,27103229
#26633628
30445918,30413727,30409977,30384259,30373718,30308002,30266099,30263058,30261008,30252913,30249275,30234027,30189589,30186236,30108523,30101405,30078138,30056386,30052654,30041479,29997575,29991496,29988585,29988362,29985401,29969576,29960584,29942096,29934437,29931613,29915588,29854817,29853943,29789365,29764499,29761590,29712976,29705929,29703851,29687645,29682571,29673211,29669699,29611319,29596446,29584630,29562936,29555994,29474353,29410651,29407287,29386298,29371572,29275161,29255284,29238752,29204141,29177508,29176714,29157127,29148173,29147991,29107345,29085571,29066174,29056925,29018410,29018189,28973971,28950720,28937612,28929327,28906350,28894183,28884091,28877164,28874953,28866243,28843021,28831566,28815394,28793934,28776086,28766937,28765642,28750650,28739139,28702329,28643622,28637315,28615382,28585938,28585563,28542929,28531113,28496408,28476139,28474371,28467925,28464031,28449715,28434033,28390093,28275097,28272137,28258145,28252538,28217099,28208582,28195358,28184370,28176229,28143587,28140326,28130771,28119734,28118083,28062199,28045919,28045403,28035340,27988219,27965286,27872127,27859023,27841267,27812984,27807544,27760558,27746051,27742762,27681875,27638202,27631013,27623245,27617199,27565341,27541295,27493135,27471065,27432166,27418144,27400279,27350881,27324355,27306058,27304953,27274912,27216492,27178527,27171425,27159972,27158266,27146150,27137897,27126040,27126037,27098841,27011180,26802434,26780750
#26626101
29938114,29388128,28858755,28642381
#26620247
29270219,28993761
#26617277
30417106,30401818,30083388,29600286,29593560,29376056,28912798,28705224,28531184,28393285,28207855,27989793,27668170,27377779,26904004
#26613748
30245936,30116788,29807989,29629419,29117259,28777382,28585938,28572975,28235871,28074084,27602022,27208108,27189979,26893425
#26607965
30305025,30223906,29326667,29312279,29312218,29079773,28863779,28475624,28138099
#26600078
30416839,30297615,30079055,30027532,29991976,29942096,29906245,29904722,29899272,29725936,29682571,29675053,29619418,29572891,29563854,29507905,29401710,29379536,29362454,29326657,29226105,29139555,29134939,29118742,29083504,29075899,28906444,28880885,28868449,28868447,28867301,28774869,28751453,28718838,28696585,28539915,28492501,28467925,28434046,28257306,28239402,28104981,28045404,27780972,27686615,27662102,27639801,27617201,27550547,27477080,27358174,27124954,27069868,27043550,27023533,27005620,27003600,26948887
#26599606
30359379,30347804,30262950,30138447,29601470,29427429,29293960,29152162,29091944,28280484,28165194,27846295,27783988,27641717,27514618,27508247,27136381
#26577924
30126456,29954453,29631623,29523751,28869283,28789678,28754704,28594392,28538703,27684958,27507236,27462309
#26563586
30459334,30035235,29959351,29768437,29545788,29495401,29273718,29152146,29134095,29112136,29098079,29046620,28769888,28703741,28480145,28460196,28173586,28168024,27507098,27325755
#26552974
30416949,28781766
#26552373
30466491,30359366,30305025,30225251,30210477,30159318,29971046,29955220,29579092,29578305,29282061,29267402,28878306,28612402,28066405
#26551842
30381433,29868719,29849617,29525910,28866243,28791292,28655217,28638490,28532414,28373658,27499582
#26535711

#26526170
29475866
#26473721
30359456,29876350,29659582,29649441,29416123,29179741,29129876,28790203,28594392,28421059,28122648,28059614,27837775,27280068
#26451823

#26431583
30413731,30154801,30065721,30042740,30030445,29949831,29877593,29491401,29426044,29382366,29124056,29117309,29049378,28970823,28657607,28583447,28261020,28260936,27824921,27774001,27240281,27090095
#26423395
30263479,29844265,28224011,28074093
#26401902
29793532,29686656,29214754,28440278,28051919,27363992
#26399409
30384950,30197908,29780807,29155807,29140081,29118049,29022383,28892253,28652796,28214389,28165407,28099499,27709856,27709125,27624382,27228122,26715853
#26395244
30483244,30337568,30105228,30061706,29904374,29793532,29773876,29755418,29624599,29518185,29209090,29075617,28767339,28706917,28694474,28615382,28558788,28546564,28449706,28390070,28367147,28072880,27912797,27881416,27827438,27735094,27437699
#26381211
30443241,30353019,30104612,29613835,29432771,29095820,29028844,28945752,28892494,28824555,28497029,28452686,27977856,27912797,27827438,27447938,26604162
#26378926
29693607,29250074,28818050,28330889,28068209,27187200
#26356733
30355340,30126990,30041463,30025542,29849617,29649441,29562591,29528686,29049404,28830665,28742010,28473812,27687977,27578328,27188959,27145008
#26321425
29410697,28197985,27941632
#26315488
30333981,28861055,28837128,27522435
#26306392
30384950,30060606,29868248,29518185,29118049,29028448,28984235,28562250,28441964,28152044,28035338,27774001,27652609,27647578,27458085,27450202,27426971,27362264,27286235,27276436,27110483,27074706,26833840
#26234684
29752272,29625979,29304472,28249605,27943632,26873319
#26207384
29937527,29895989,29611114,28831005,28740374,27895415,27542127
#26196489
30413754,29867803,29866162,29743938,28855974,28837129,28579801,28165863,27895415,27666719,27462302,26619199
#26152743

#26099498
29738432,28396640
#26083617
30356965,30172257,30090037,30030445,29731748,29600282,29556538,29375937,29242837,29175338,29034327,29026146,28831399,28814777,28799901,28604735,28484520,28476139,28217696,28190400,27769810,27651359,27531910,27371886,26843508,26635787,26574491,26488816,26468751
#26058415
29375532,28475624
#25992554
30404613,30385796,30338065,30154758,30077203,29936607,29922651,29899272,29751655,29670255,29621980,29611319,29559675,29491857,29361466,29354106,29330433,29213261,29182580,29144833,29097803,29065507,29030493,28912861,28912768,28890714,28769880,28706193,28700666,28659742,28630461,28525602,28522995,28388917,28379213,28362001,28261164,28239402,28194099,28059627,28049409,27925191,27812119,27760159,27288420,27199748,27071478,26963804,26828626,26748500
#25985413
30026734,29898983,29503636,29453448,28751883,27703267,26728449
#25981789
30108579,30073560,29988433,29963641,29531228,29439741,29290090,29282061,29114246,29112136,29081768,29032502,28852094,28839072,28837129,28821012,28733278,28709472,28690602,28612402,28609251,28334267,28167665,27895415,27846901,27814521,27810637,27803195,27720396,27708392,27672054,27641441,27624970,27513210,27507098,27462302,27444518,27383980,27375586,27172044,27121424,26619199
#25971745

#25954902
28612402,28525602,28059627,28031748,26561503,26251695
#25914197
30034377,29636439,29095820,29028897,28925555,28393285,28352255,28191487,28184370,28052195,27903594,27671352,27528457,27396978,27343061,27231050
#25898122
30356293,30333981,30210480,30143657,30111703,30019034,29959248,29662088,29616008,29579049,29577087,29312900,29301569,29058138,28972993,28955644,28943868,28928724,28526795,28291252,28252026,28239436,28165001,28134261,28085934,27881419,27853453,27821063,27729007,27669304,27656165,27545196,27177190,26688727,26555787
#25896518
30483150,30037568,29780807,29669589,29496731,29483940,29423275,29354098,29255284,28934201,28865446,28753663,28649415,28542929,28333226,28244273,28143583,28070563,27900395,27803195,27708630,27633108,27513210,27494088,27482856,27388460,27153496,27148170,27107375,27092114,26774270,25971745
#25888008
30419949,30234027,30210803,30197908,30078138,30074988,29439741,29255284,29242367,29143823,29018121,28473000,28258145,28018236,27986704,27812352,27565341,27528013,27473284,27383682,27188959,27171425,27039047,26819854,26689136,26059898
#25862077
30248991,29497269,29441048,29378884,29370304,29137160,29079629,28507066,28384412,28265505,28249034,28034855,27989792,27974831,27940544,27874907,27797671,27642101,27628595,27605161,27558341,27134811,26119252,26002119
#25822072
30233415,30057577,28743928,28717234,28684750,28567037,28468832,28273475,27641717,27550859,27485205,27416816,26961594,26727958
#25815895
29536822,27473171,26870025,26445280
#25813857

#25807110
30439937,30430010,30333981,30319571,30108579,30054529,29963018,29962963,29855351,29795809,29725011,29507896,29282061,29138485,29114246,29081768,28968427,28839072,28837129,28713349,28690602,28612402,28609251,28603278,28570610,28480145,28346936,28340597,28334267,28191503,28167665,28070563,27940475,27803195,27799658,27698620,27694811,27644050,27624970,27578328,27507098,27462302,27405349,27383980,27374611,27243019,27222564,27216717,27172044,27121424,26951067,26907921,26870014,26762459,26671671,26619199,26568112,26563586,26445280,26315972,25947328
#25758642
30443249,30412600,30409169,30266099,30231491,30157754,30137359,30090032,30081953,30077182,30073560,30065719,30034377,29995183,29985435,29907097,29904241,29903041,29854813,29852000,29774017,29760804,29750437,29650970,29615110,29568746,29543545,29479437,29430336,29391488,29374040,29358871,29333111,29311644,29243124,29221120,29145893,29113654,29104759,29102292,29042534,29018189,28973392,28970547,28945752,28914591,28904330,28884091,28877044,28822617,28768551,28690602,28505362,28470464,28445967,28423670,28242755,28143587,28106826,28063002,28061434,28060753,28038683,28018861,27986704,27880935,27876778,27797940,27722153,27708392,27638202,27554797,27547546,27196124,27194068,27171425,27159972,27148488,27125587,27056827,27015276,27007710,26951067,26935422,26811603,26730578,26621842,26572876,26528432,26135925
#25748152

#25663091
29118742,29067020,28878306
#25617726
30250817,29255581,29227175,29026604,28548658,28230723,28158276,26559904,26460205
#25600706
30279338,29844265,28742010,26568096,26212519,25955845
#26978420
29041989
#25467553
30083229,29617868,29601586,29270165,28696065,28423879,28109059,27959345,26954132
#25407519
30396369,30290791,30250162,30034377,29962963,29946306,29858581,29789624,29750437,29712976,29596112,29540734,29196621,29034105,29028667,28934108,28874411,28740260,28542929,28541799,28536285,28388647,28333226,28002063,27956653,27922852,27757389,27755100,27625432,27623245,27547442,27532935,27477587,27428431,27303742,27256449,27197294,27189771,27127406,27077120,27073405,26940481,26795282,26762145,26731752,26679414,26676710,25940667,25901893
#25382376
29844265
#25370726
30269445,29799833,29635455,28567446,28536569,27305897,26273432
#26742302
28744452
