30078113
29934497
29907938
29762673
29746643
29738477
29730317
29664968
29664912
29579049
29567708
29526926
29520598
29511180
29504486
29494648
29454699
29382070
29330119
29311585
29275129
29198875
29195140
29169110
29135334
29113561
29097494
29097493
29069412
29020628
29018189
28976007
28973555
28967228
28923537
28898292
28892494
28884952
28884091
28877164
28873967
28870713
28859695
28849032
28834331
28821976
28821301
28821012
28813664
28813529
28813445
28811339
28797931
28797298
28796793
28790203
28789673
28768551
28748273
28731473
28710513
28709472
28689814
28683828
28677262
28668239
28665922
28662574
28655159
28640804
28632934
28628112
28602995
28594392
28591831
28585938
28571671
28545131
28536926
28494241
28484095
28479399
28464793
28449715
28440278
28429164
28415628
28398290
28390576
28390093
28379433
28369659
28338745
28334267
28330508
28323391
28320307
28293710
28279152
28255158
28252037
28198673
28183913
28170428
28164855
28155661
28146577
28139751
28091525
28062856
28052195
28039159
28008833
27998035
27976718
27974658
27965413
27943013
27941985
27923606
27916477
27894254
27880869
27876765
27829306
27824342
27794467
27712009
27783988
27743904
27694800
27769810
27741163
27716148
27710940
27708392
27703179
27701454
27695121
27695034
27651451
27644050
27583441
27559027
27550859
27502158
27469346
27428430
27411898
27409811
27400279
27391011
27336782
27321997
27295684
27277524
27242374
27236827
27231242
27231050
27203275
27191725
27180802
27180722
27154001
27144353
27142181
27125587
27124954
27124399
27117007
27102666
27077101
27067514
27055030
27033168
27026373
26975620
26975510
26972811
26962896
26951067
26945643
26940651
26919743
26918330
26875998
26870828
26870798
26869601
26842811
26828196
26818725
26778510
26774270
26754178
26749561
26749443
26745269
26738556
26718942
26669711
26655942
26633628
26626101
26620247
26617277
26613748
26607965
26600078
26599606
26577924
26563586
26552974
26552373
26551842
26535711
26526170
26473721
26451823
26431583
26423395
26401902
26399409
26395244
26381211
26378926
26356733
26321425
26315488
26306392
26234684
26207384
26196489
26152743
26099498
26083617
26058415
25992554
25985413
25981789
25971745
25954902
25914197
25898122
25896518
25888008
25862077
25822072
25815895
25813857
25807110
25758642
25748152
25663091
25617726
25600706
26978420
25467553
25407519
25382376
25370726
26742302
